11.843 27.312 41.781 53.437 62.343 64.875 128.281 252.812 255.843 273.593 404.375 409.125 568.687 715.156 731.593 733.343 996.000 1074.906 1195.593 1213.750 
12.781 25.937 62.000 64.218 253.250 255.625 257.937 369.031 404.968 408.468 569.218 572.343 714.812 731.093 733.031 995.031 996.656 1073.562 1195.906 1213.531 
12.718 53.531 62.718 65.750 73.687 251.343 254.250 273.593 404.968 408.093 570.531 574.375 729.968 732.625 733.750 996.000 1072.250 1195.343 1212.281 1214.000 
12.656 27.968 39.562 60.468 64.437 254.593 274.375 407.593 410.250 570.593 573.968 715.156 731.718 733.593 995.500 1074.000 1196.062 1212.062 
13.687 23.031 37.437 46.593 64.687 196.437 253.562 259.687 274.156 368.375 405.718 409.125 568.687 572.281 731.406 733.312 995.250 1074.187 1195.312 1213.937 
13.000 28.375 40.218 53.031 61.875 82.218 251.843 254.875 406.156 408.812 547.718 568.812 571.593 714.781 731.500 995.343 1073.906 1195.343 1213.125 1215.125 3446.531 
12.031 28.218 51.625 62.187 198.187 239.531 253.718 257.468 404.687 407.750 567.375 570.906 731.000 733.687 995.531 1000.250 1195.812 1212.718 1214.437 3114.312 
13.500 62.250 66.000 252.812 254.875 368.625 406.062 408.562 567.968 572.218 716.125 731.593 733.343 995.843 1074.000 1195.750 1212.406 1215.156 
56.031 62.312 254.406 256.281 274.312 405.031 407.625 570.875 585.812 732.437 734.062 995.656 1196.500 1213.312 1214.937 
12.375 27.062 28.437 40.750 53.531 63.031 65.031 179.625 240.562 253.000 260.218 407.125 410.156 570.218 585.218 715.687 730.937 732.812 995.781 1070.468 1196.031 1213.531 1215.468 
