28.687 29.843 31.000 47.125 86.500 94.625 98.718 100.281 132.375 142.343 145.968 147.468 190.687 199.718 226.343 258.031 260.906 376.125 379.343 485.281 646.562 894.250 1066.250 1085.875 1180.593 1264.312 1348.718 
19.406 28.375 29.500 31.343 91.312 98.531 99.593 133.218 146.250 147.687 204.562 259.218 376.312 380.656 486.875 650.000 883.718 1066.000 1085.593 1182.343 3145.937 3510.562 3604.968 
19.500 28.781 30.687 94.968 98.625 133.000 146.031 147.468 148.531 211.625 259.531 376.875 379.500 487.437 646.937 649.906 704.593 901.531 1065.656 1086.000 1182.250 1267.312 1348.500 1407.781 1443.750 
18.406 29.312 30.687 38.218 85.031 94.718 99.406 145.437 147.125 204.218 258.250 375.843 379.375 486.875 564.687 646.875 705.281 884.250 1065.406 1082.750 1087.093 1181.875 1348.156 1408.437 3013.312 3055.062 3056.625 3106.468 3157.843 3208.468 3454.656 3513.250 3563.562 3615.312 3666.093 
28.656 30.218 37.968 84.750 97.875 100.312 143.125 145.593 148.093 189.062 204.906 258.531 259.906 376.375 381.718 486.875 647.093 650.343 1066.031 1085.343 1181.281 1184.500 1267.406 1407.750 
29.218 31.812 100.000 146.656 148.500 227.312 260.093 377.500 380.531 487.093 1066.500 1085.781 1183.625 1409.156 
20.281 29.093 30.281 82.031 98.812 146.062 148.031 259.750 381.281 485.937 704.312 902.500 1066.000 1084.875 1182.500 1350.718 
28.875 31.437 95.656 99.156 133.218 145.875 147.093 260.062 376.406 486.968 650.156 1066.468 1083.906 1085.937 1182.437 1409.000 
20.187 29.687 32.437 99.687 120.218 147.000 150.375 203.750 251.562 260.156 376.718 486.281 647.625 901.875 1065.781 1085.500 1182.156 
29.406 38.843 92.062 99.031 134.625 147.156 260.000 377.687 381.593 487.656 650.156 1066.437 1084.375 1089.031 1348.281 1409.187 
