20.375 23.093 36.000 39.187 81.937 84.406 129.312 137.531 158.062 249.531 294.406 297.062 314.781 318.250 490.125 655.625 813.968 830.125 1026.437 1264.000 1329.812 1389.656 1445.437 1997.281 2046.343 2069.468 2093.593 2120.531 2125.187 2145.031 2162.812 2215.750 3707.406 
39.593 103.906 251.218 317.718 451.687 655.531 936.000 1114.468 1333.281 1847.000 1997.437 2061.812 2094.375 2126.218 2145.031 
23.343 81.062 138.625 250.687 318.281 452.343 656.218 814.281 934.812 1391.593 1563.625 
27.093 318.218 489.812 1113.000 1391.781 1477.531 1563.187 1666.625 2046.750 
37.718 78.406 249.468 318.093 491.375 655.750 814.187 830.531 935.062 1113.500 1264.593 1313.062 1390.281 1445.250 1668.906 1845.968 1997.812 2070.718 
35.750 81.812 97.812 295.156 318.656 491.281 655.531 1265.625 1995.343 1998.843 2126.687 2143.906 
77.843 204.656 249.937 813.812 830.312 1391.625 1563.156 1845.718 1997.781 2069.531 2094.406 2125.437 
35.500 39.312 80.125 82.218 250.812 298.593 451.531 491.031 814.531 1265.125 1564.125 2126.218 
35.843 38.781 81.906 249.718 318.062 830.718 935.093 1027.406 1053.656 1998.375 2145.156 
17.718 137.656 170.812 249.593 298.031 317.718 451.531 489.593 830.718 935.250 1006.375 1117.468 1329.562 1384.031 1391.531 1564.187 1666.625 1953.031 1999.812 2047.062 2127.156 2145.750 
