22.062 28.656 31.187 36.093 44.593 69.187 135.375 159.593 162.968 262.875 408.375 412.625 535.906 620.093 684.312 734.343 873.406 1041.031 1085.468 1269.531 1360.156 1442.562 1506.812 1591.906 1696.531 1699.250 1785.812 1852.375 1864.750 1927.968 1949.531 
15.593 29.406 159.718 163.031 164.343 260.562 263.656 620.500 684.812 873.593 876.281 1086.375 1270.875 1354.312 1442.468 1507.437 1864.750 1910.906 
14.375 30.187 43.437 45.750 182.875 259.906 409.437 620.906 684.531 734.531 1271.656 1361.562 1507.281 1558.750 1697.250 1849.000 1865.062 1909.750 
13.750 30.156 148.000 163.312 261.000 620.062 684.625 874.000 1085.687 1270.656 1442.406 1557.656 
47.968 158.250 164.031 620.500 685.218 873.812 1866.375 1907.718 
13.531 32.062 43.812 163.875 685.031 734.343 873.187 924.437 1086.843 1270.500 1272.968 1352.812 1507.812 1852.937 1909.968 
15.656 30.468 43.656 160.625 260.531 263.125 620.468 684.812 874.531 1085.562 1442.625 1581.718 1697.687 1865.000 1907.781 1910.531 
14.312 162.625 164.031 260.562 414.625 524.781 620.125 685.250 735.500 874.312 1270.687 1866.468 1910.218 
35.906 163.125 260.625 408.062 620.437 685.031 874.250 1039.750 1085.656 1270.437 1695.687 1909.937 
14.093 31.156 408.687 412.843 621.718 1087.000 1508.875 1699.187 2900.812 
