13.812 27.031 52.093 63.218 72.250 189.093 191.937 193.093 291.218 312.750 404.937 530.312 659.906 661.687 842.062 1040.187 1313.875 1399.000 1492.281 1752.187 1839.812 1998.281 2138.093 
52.750 63.406 71.500 72.437 188.312 191.781 307.968 404.750 658.875 661.437 841.531 1039.437 1135.062 1314.312 1399.875 1751.843 1998.625 2138.125 2456.343 
13.312 26.531 68.250 71.187 72.531 189.156 191.468 307.468 403.906 529.687 659.812 661.843 841.625 905.062 1040.625 1399.218 1602.312 1752.687 1998.562 2140.218 2456.281 
36.875 74.937 188.156 192.093 311.312 404.843 660.843 841.250 1040.093 1315.000 1399.468 1617.968 1752.656 2233.718 
13.156 14.593 50.687 65.343 71.687 187.687 404.468 661.906 904.750 1038.218 1042.687 1399.781 1493.187 2137.687 2234.156 2456.000 
13.593 47.531 61.968 188.625 191.625 312.843 405.093 905.062 1040.250 1135.250 1137.125 1314.250 1937.531 1998.812 2137.468 2234.718 3433.906 
37.250 71.281 188.437 405.500 546.687 842.250 905.250 1136.718 1315.125 1399.125 2234.062 
40.000 72.187 311.437 313.093 404.875 660.218 1040.031 1136.437 1315.625 1752.562 1841.062 1998.500 2139.218 2456.000 3749.968 
48.593 53.156 65.281 188.906 191.843 842.343 1136.062 1314.656 1398.593 1492.656 1999.093 2233.750 3495.625 
45.250 64.781 72.906 312.031 403.906 406.437 842.281 1399.843 1494.593 1999.656 2136.718 
