29.406 31.156 122.500 192.843 260.000 433.750 555.937 845.375 996.000 1211.062 1325.062 1388.937 1473.406 1483.687 1564.875 1692.375 1984.593 2094.718 2118.625 2141.375 2223.531 
30.281 33.750 120.656 193.875 259.906 556.687 846.218 910.468 1388.968 1692.875 1984.968 2138.031 2223.687 
29.687 31.125 121.250 123.968 193.406 259.843 261.531 556.187 845.937 1211.281 1325.437 1388.812 1564.156 1692.781 1985.000 2141.593 
18.843 28.468 260.062 556.093 846.437 911.312 1092.843 1325.000 1693.312 1985.187 
29.062 31.000 119.812 121.718 260.343 426.093 556.062 846.625 910.687 1084.343 1325.500 1482.968 1692.843 1894.406 1985.000 2223.593 
28.218 30.468 31.375 193.375 259.312 261.093 846.312 1210.093 1325.500 1482.218 1564.187 1693.062 
30.000 31.468 193.906 556.031 846.406 1325.000 1389.843 1483.906 1985.281 3889.875 
32.000 120.687 122.531 193.437 911.843 1211.437 1325.031 1564.937 1985.500 
19.500 33.281 120.468 121.656 193.500 846.406 848.125 1692.093 1694.187 1985.500 
20.187 29.093 30.906 31.968 260.218 556.125 846.531 1389.375 1867.687 1985.187 
