10.937 12.125 25.250 156.656 175.468 290.531 299.187 412.281 501.687 510.906 593.937 623.625 732.312 734.125 850.750 1043.125 1131.156 1159.750 1275.343 1398.781 
11.312 21.187 46.562 127.718 157.000 175.375 270.281 290.875 299.687 405.250 413.843 498.437 502.312 508.843 593.906 623.437 732.781 734.875 849.562 940.843 1041.500 1130.718 1158.718 1275.218 1277.375 1400.593 
10.937 25.156 26.468 47.406 126.875 157.218 164.281 286.750 291.687 414.312 502.156 593.906 623.875 645.312 733.875 735.375 849.687 940.625 1039.875 1073.500 1131.437 1159.250 1275.218 1398.656 
11.062 21.625 25.468 111.562 156.531 175.031 176.625 277.750 288.812 299.281 402.468 411.375 413.562 500.843 502.750 551.593 593.750 623.718 644.687 733.687 849.937 949.781 1039.812 1130.281 1159.031 1276.187 1398.250 
10.531 25.625 267.937 290.937 411.406 414.718 501.875 506.562 594.000 623.562 732.656 735.062 1041.437 1072.937 1130.843 1159.343 1185.437 1275.375 1276.875 1398.750 
10.812 12.093 26.187 157.625 164.718 175.593 289.875 292.375 405.343 414.312 502.531 538.031 594.218 624.062 733.406 850.875 939.906 1039.937 1072.468 1159.062 1276.000 1398.968 
11.343 26.218 126.562 157.593 291.218 415.250 502.718 510.656 553.187 594.343 623.781 663.656 733.843 850.093 940.250 1039.937 1130.812 1159.812 1275.656 1399.000 
10.843 156.031 166.625 289.187 299.343 300.625 404.562 412.343 501.343 504.250 552.562 594.687 623.875 733.125 735.562 849.812 1039.312 1131.406 1275.250 1276.875 1398.937 
11.031 24.281 134.906 157.843 175.750 278.218 291.468 412.156 502.625 539.406 594.062 624.062 687.812 733.843 736.125 849.875 940.343 1040.062 1159.156 1275.187 1399.156 
11.312 25.593 38.906 157.875 175.843 270.718 289.750 411.937 502.968 594.406 624.343 734.687 848.968 851.500 1159.531 1275.843 1399.000 
