12.531 27.750 66.625 68.375 159.875 170.781 172.593 299.781 346.500 394.500 525.625 766.468 843.375 897.593 981.000 1127.812 1475.718 1712.375 1790.093 
12.625 27.781 63.843 69.218 95.093 140.843 173.000 179.062 299.687 379.906 526.437 542.781 1128.062 1131.656 1256.156 1470.656 1712.687 1790.718 
11.968 28.156 29.750 31.375 65.156 70.187 127.281 158.468 173.062 210.968 340.718 347.968 380.812 391.281 524.843 542.406 765.593 843.031 865.937 897.687 1127.062 1129.218 1256.468 1326.750 1470.343 1475.562 1712.281 1774.750 1790.718 1849.250 
12.656 27.375 28.656 67.656 69.781 172.468 174.093 298.593 329.562 394.843 524.968 843.093 892.156 1127.750 1131.187 1283.062 1470.562 1705.218 1789.656 
12.000 24.562 28.937 173.062 176.843 213.843 404.437 525.500 687.656 765.906 844.406 892.437 1127.343 1129.750 1338.156 1473.156 1711.500 1713.406 1790.156 3776.218 
12.156 28.687 31.093 66.812 68.937 173.812 212.843 330.031 342.656 404.968 524.906 746.093 765.406 843.250 883.750 1127.937 1470.625 1712.375 1789.593 3207.750 
13.625 27.656 54.156 64.875 69.250 169.375 174.093 297.437 524.562 1129.281 1338.093 1470.406 1711.968 
12.937 28.343 64.937 172.312 297.281 391.968 528.000 542.593 765.468 881.343 1126.875 1471.031 1488.593 1712.437 
12.343 29.750 67.718 176.031 214.187 524.875 765.593 1127.625 1257.593 1712.718 1777.687 
13.468 28.250 67.250 172.468 299.062 349.062 525.625 891.000 1129.156 1471.562 1712.562 1791.625 
