12.906 31.093 44.625 176.437 185.406 215.625 313.562 322.718 325.468 445.343 673.218 898.406 1084.187 1161.687 1312.468 1535.500 1605.406 3282.843 3857.406 
35.531 179.093 215.750 446.187 674.812 897.968 1160.656 1312.843 1536.500 
12.625 30.781 44.968 159.000 185.125 215.812 323.875 445.468 897.875 1082.937 1084.656 1161.375 1607.531 
12.656 31.750 177.187 216.500 313.312 323.843 561.406 898.312 1084.437 1160.875 
31.781 1161.312 1313.250 1417.750 1536.625 
31.312 323.843 443.781 447.312 1068.437 1260.375 1312.250 1535.937 3740.875 
12.343 45.437 285.906 298.406 322.812 445.500 900.406 1083.187 1160.968 1417.281 
12.093 312.218 445.406 897.968 1057.375 1083.625 1196.437 1313.031 1536.125 3693.250 
14.000 30.531 323.593 1084.062 1312.468 1470.312 
13.500 36.125 673.250 1084.156 1312.781 1535.625 3175.625 
