17.531 19.468 177.312 212.875 266.781 269.000 384.093 637.406 639.531 822.625 1005.656 1061.531 1165.000 1261.468 1386.593 1650.906 1766.406 1800.218 1835.750 1858.250 1866.406 
20.093 178.218 213.562 247.937 268.000 385.156 495.625 638.531 749.875 1060.750 1261.968 1388.500 1652.250 
17.718 19.531 32.687 177.750 212.968 248.593 384.781 495.843 538.125 541.187 749.531 1173.375 1651.625 1800.625 1865.875 
17.250 19.593 32.437 266.437 496.093 538.906 639.000 824.750 1060.375 1866.281 
17.531 19.625 32.781 178.187 383.593 637.750 750.125 1003.968 1061.937 1207.875 1799.281 1844.218 
18.156 19.656 169.468 213.250 248.843 384.062 495.250 538.781 638.750 749.781 823.906 1058.000 1061.937 1208.062 3240.843 
15.781 20.000 268.000 384.375 495.687 638.218 824.562 1237.343 1646.906 1799.843 
16.250 19.031 212.812 248.656 267.625 825.437 1250.000 1385.718 1387.968 1801.000 1847.937 1866.312 
19.062 1062.125 1388.750 1652.593 1838.000 1865.968 2939.250 
15.906 32.687 248.250 384.562 496.406 638.562 825.156 1174.218 1251.843 1387.000 1389.281 1652.437 1765.468 1856.968 1864.625 
