77.750 93.343 94.812 157.562 174.468 219.593 221.562 317.187 370.468 525.906 642.218 720.281 726.875 731.906 807.656 912.093 945.531 1094.937 1273.593 1389.937 1469.531 1512.093 1642.125 1860.312 1875.000 1961.093 2053.031 2055.406 2239.437 
94.125 170.750 221.031 366.656 525.781 727.156 912.406 1092.625 1642.593 1793.593 1861.718 1875.156 1949.812 2054.031 2239.750 2292.250 
47.343 93.781 172.281 219.562 526.312 726.562 807.250 913.687 946.406 1390.968 1642.500 1793.500 1875.031 1949.218 2055.187 
69.937 220.062 526.406 638.406 726.343 806.875 911.812 914.062 946.156 1093.312 1391.156 1793.625 1875.062 2053.843 2090.562 2195.750 2291.656 3620.500 
219.968 638.968 727.250 911.968 946.406 1389.562 1524.562 1793.781 1875.500 1949.125 2054.312 2056.531 2240.062 
13.656 70.437 93.500 317.656 526.812 727.125 911.937 1389.812 1642.062 1793.531 1818.656 1949.750 2239.656 
94.125 200.062 220.250 317.000 639.406 718.843 728.000 820.187 911.718 1512.312 1642.093 1793.875 1818.281 2239.812 
200.781 221.250 367.656 726.875 808.218 912.437 981.656 1093.812 1642.562 1793.625 1875.281 1949.125 2055.031 2239.781 
15.687 158.656 367.343 526.375 727.406 806.656 912.312 914.187 1092.937 1391.218 1642.218 1793.593 1875.250 1949.656 2240.437 
40.812 93.250 911.625 1391.875 1645.062 1793.562 1861.343 1875.312 
