13.031 28.218 30.406 31.406 118.437 120.218 237.343 239.062 292.156 472.062 496.437 514.843 633.437 635.187 1126.250 1276.625 1332.562 1348.875 1512.781 1554.343 1682.375 
28.562 31.593 33.437 118.656 120.718 237.625 292.437 472.406 632.937 1125.375 1127.937 1276.156 1277.500 1333.718 1349.156 1512.406 1554.281 1682.781 
13.375 28.562 29.718 31.062 118.718 120.281 236.906 238.500 311.343 472.093 496.937 514.187 633.781 635.750 1125.531 1130.468 1276.468 1279.531 1332.906 1348.625 1513.031 1554.375 1682.125 
13.562 28.281 30.000 31.281 34.250 119.062 120.312 122.156 236.375 238.187 292.250 312.343 472.812 495.937 514.531 633.781 635.531 1125.687 1276.468 1333.406 1348.593 1416.875 1453.218 1512.437 1554.812 1681.500 1683.843 
13.562 28.468 30.437 31.750 59.968 118.625 120.343 236.281 238.468 292.312 311.187 313.718 472.312 514.750 633.562 1125.625 1172.218 1276.562 1278.843 1333.093 1348.750 1451.718 1513.375 1554.437 1682.968 
13.468 28.937 30.375 31.625 118.812 120.437 237.343 292.687 472.250 514.906 633.156 635.375 1125.218 1127.468 1276.437 1333.093 1349.000 1512.843 1554.656 1682.656 
14.218 22.031 29.343 30.437 33.406 118.468 120.156 237.500 240.093 312.656 472.968 514.625 633.781 1125.500 1127.437 1275.218 1276.843 1333.125 1348.812 1512.500 1554.625 1682.531 
13.625 21.968 30.250 33.281 119.906 236.937 312.375 472.437 514.718 634.281 1125.187 1127.625 1276.562 1278.187 1333.218 1348.781 1512.687 1554.625 1682.187 
14.000 22.750 29.687 31.500 33.625 118.812 120.625 236.375 238.406 292.218 312.125 472.687 515.593 634.187 1126.531 1275.500 1277.406 1333.375 1349.218 1512.875 1682.125 1684.156 
14.218 22.718 28.843 30.437 118.062 120.343 121.500 237.093 238.968 312.125 472.437 633.843 1124.593 1127.031 1275.875 1276.593 1277.625 1333.343 1350.000 1512.937 1554.843 1681.312 
