33.000 42.656 44.812 62.000 92.218 122.781 183.718 194.437 195.937 249.437 349.375 426.906 657.031 777.343 911.781 967.375 1285.437 1392.593 3944.375 
11.562 33.187 44.906 123.375 192.187 196.437 247.625 349.843 426.750 778.781 911.750 968.156 1384.156 
11.875 22.656 33.218 92.687 106.968 122.000 148.843 192.187 195.187 197.343 248.187 251.250 739.718 778.875 915.125 969.562 1350.843 1356.531 1392.375 
33.437 124.187 196.687 776.875 3257.343 
11.718 34.156 46.156 192.406 914.625 
33.062 43.000 61.406 63.343 92.125 196.062 197.687 249.968 426.187 777.937 1362.156 
44.062 92.625 185.000 196.375 248.625 252.062 338.156 545.406 968.000 1392.906 
192.031 196.062 781.000 915.312 969.687 
11.468 61.906 105.125 120.468 196.625 349.906 968.125 
45.218 61.906 122.312 196.625 247.875 427.843 545.937 615.281 777.375 779.750 968.125 1286.218 
