15.906 27.750 28.906 150.656 153.562 155.500 289.593 324.281 326.343 445.218 447.718 602.593 698.468 747.593 829.437 1093.062 1221.218 1358.437 1626.375 
28.156 154.687 156.687 281.468 314.875 446.656 448.968 698.531 1092.937 1222.468 1359.156 1626.031 
12.312 28.187 154.375 325.875 328.062 446.750 697.031 700.406 748.500 755.968 829.906 1093.625 1358.625 1626.312 
25.281 27.312 30.000 154.000 155.843 445.281 645.562 749.312 829.656 1093.437 1222.468 1358.875 
14.125 26.968 301.937 327.812 698.750 749.343 767.125 829.812 1093.218 1278.906 1358.906 
14.906 28.906 150.843 325.812 546.937 700.406 749.656 767.562 830.687 1359.031 
14.375 28.750 34.875 322.125 326.406 446.531 696.437 748.468 829.968 1093.468 1221.062 1223.468 1278.531 3021.187 
13.250 21.187 152.843 446.125 448.468 749.375 767.593 830.031 1093.593 1220.218 1279.750 
18.968 27.625 153.531 296.906 446.500 699.062 767.875 829.906 1093.687 1222.812 1278.843 3199.781 
13.156 154.562 322.187 326.750 750.062 767.531 1094.125 1223.125 
