11.093 25.906 41.125 50.125 58.468 64.968 143.593 176.562 187.812 190.562 293.312 307.093 309.500 370.781 440.468 443.625 495.125 672.937 879.062 921.062 995.406 1022.906 1158.125 1162.062 1215.062 1317.750 1399.062 1488.281 1635.750 
11.218 29.218 41.656 61.593 63.656 71.375 176.125 186.281 190.750 291.531 308.500 441.187 494.656 497.218 1024.093 1114.250 1159.625 1162.343 1214.750 1399.093 1532.000 1639.250 
10.218 11.625 28.687 41.843 57.906 70.187 187.593 307.687 309.968 368.781 442.843 495.562 498.687 673.781 792.312 905.281 921.500 1023.468 1158.656 1161.750 1214.062 1531.812 1653.062 
10.281 12.312 25.093 42.218 57.687 60.312 70.687 154.937 186.281 188.312 210.750 307.343 309.468 352.625 368.062 439.312 443.593 495.000 498.000 597.000 672.500 921.531 1158.593 1161.781 1216.781 1398.875 1509.656 1601.531 1639.625 
11.156 25.281 30.531 43.437 58.718 66.156 70.312 116.750 166.843 187.343 291.656 306.781 309.593 369.187 440.500 443.500 497.000 673.343 853.343 1028.156 1160.031 1214.687 1399.937 1630.281 1640.218 
10.937 24.312 40.343 49.406 62.281 71.156 144.468 166.093 178.406 188.687 190.562 303.843 309.218 368.968 441.937 443.843 496.000 595.750 673.593 874.500 1025.937 1158.062 1161.625 1214.281 1519.343 1581.500 1638.875 
10.843 12.125 28.500 42.968 51.312 70.750 79.218 154.062 186.562 306.750 309.906 352.156 386.000 440.093 443.625 495.812 707.531 874.437 883.343 1023.968 1158.625 1162.000 1215.031 1217.093 1317.906 1510.343 1532.562 1628.812 1641.218 
11.218 40.968 58.343 71.156 187.468 305.281 369.312 442.843 497.250 1026.562 1159.250 1162.187 1215.187 
10.906 29.750 39.437 63.250 71.468 181.875 190.781 307.187 310.531 369.250 440.437 445.187 496.218 596.250 792.468 1007.875 1159.531 1162.437 1215.250 1217.687 1533.031 
10.812 41.406 50.406 65.156 71.812 189.843 307.031 309.906 443.781 495.031 596.468 673.781 792.343 1026.468 1159.625 1215.187 1217.062 1400.125 1510.656 1533.281 
