10.281 38.968 50.468 86.875 110.625 128.406 140.218 174.125 191.375 204.406 238.937 241.562 391.781 445.843 496.312 505.031 636.187 721.625 724.437 799.531 801.625 886.687 1003.468 1067.531 1091.250 1148.906 1229.031 1298.500 1378.406 1626.500 1657.531 1671.968 1713.031 1723.843 1728.437 1736.937 1743.062 1820.312 1832.031 1851.437 1898.312 
10.781 39.156 51.062 83.000 96.468 137.062 146.187 162.156 171.218 190.750 205.625 229.031 239.656 241.625 242.968 455.250 503.875 507.375 721.312 799.718 801.093 886.843 999.625 1007.406 1067.093 1076.062 1091.187 1122.531 1229.500 1298.468 1377.625 1578.031 1624.687 1688.375 1719.468 1756.375 1823.125 1851.406 
9.781 10.906 25.281 39.937 74.781 83.250 109.687 130.781 137.343 169.375 178.937 180.375 190.687 237.843 241.906 243.968 405.437 504.437 721.281 722.906 798.781 800.218 887.218 1004.562 1048.062 1066.906 1075.968 1091.218 1229.750 1298.031 1378.781 1576.968 1626.875 1715.156 1723.406 1744.656 1831.156 1851.281 3972.250 
10.562 36.343 39.250 67.500 110.312 128.343 151.437 163.000 174.687 179.312 193.187 238.906 240.875 243.000 373.375 446.906 503.593 506.187 721.375 722.875 799.343 1001.468 1067.062 1228.843 1299.718 1378.250 1582.375 1626.031 1671.500 1723.187 1729.843 1754.406 1821.156 1851.000 
10.250 38.812 60.937 79.468 92.062 103.000 137.687 149.968 176.156 179.906 192.000 204.468 238.531 242.000 389.968 432.875 459.125 503.843 505.343 507.125 720.437 722.500 798.593 800.218 886.781 942.375 1004.406 1031.406 1076.093 1090.562 1122.375 1133.187 1231.093 1298.156 1378.000 1582.687 1592.843 1608.750 1625.343 1666.750 1717.625 1724.750 1738.093 1757.531 1832.812 1851.968 1898.687 3595.687 3621.062 
10.312 32.437 39.718 44.781 69.187 86.343 109.000 160.156 176.000 179.625 192.437 205.718 217.093 239.437 241.500 457.406 504.812 722.125 742.062 799.156 800.718 1005.718 1067.718 1089.218 1228.406 1298.281 1378.156 1462.093 1583.062 1626.812 1702.625 1724.406 1754.687 1819.875 1851.156 3556.843 
10.875 39.343 45.250 66.031 81.031 88.656 109.718 127.343 161.843 176.937 202.093 221.406 239.812 242.343 374.875 407.062 461.218 500.437 505.468 696.468 721.468 799.625 801.187 886.875 1229.250 1298.500 1378.625 1626.312 1673.062 1713.062 1724.625 1819.125 1851.531 
11.718 39.406 68.000 85.812 111.531 128.687 173.687 180.781 241.125 391.062 407.000 502.156 505.468 507.187 721.437 723.906 750.687 799.906 801.281 887.218 1046.125 1074.875 1092.187 1228.906 1298.250 1379.062 1583.406 1703.875 1722.843 1831.843 1851.875 
10.437 40.031 67.000 110.906 127.156 177.781 192.656 230.343 239.812 242.093 475.187 504.812 722.187 723.937 750.843 799.375 801.281 887.093 975.000 1091.250 1228.562 1298.500 1583.156 1715.375 1726.062 1742.718 1822.843 1851.031 
10.500 43.593 67.593 79.187 89.187 109.781 128.656 137.718 174.500 204.718 238.906 241.687 243.156 353.906 461.625 472.531 504.531 505.937 710.343 721.968 723.125 799.781 801.218 999.500 1006.625 1076.125 1109.125 1229.000 1298.687 1379.718 1628.343 1719.406 1743.312 1832.218 1851.906 
