11.250 26.718 31.187 53.968 127.812 141.687 166.281 171.062 255.000 267.093 373.000 419.843 424.500 503.156 516.468 543.281 621.250 624.062 649.406 724.562 810.468 907.843 1066.531 1243.343 1352.531 1501.093 1702.312 1790.156 1888.343 1958.687 2052.000 2089.843 2100.718 2233.218 2344.937 2495.500 
11.031 22.687 50.312 127.781 143.468 168.437 170.593 256.187 301.062 370.093 373.312 421.656 620.437 649.593 724.312 907.437 1065.750 1112.718 1243.656 1352.281 1499.000 1627.500 1703.625 1887.937 2051.406 2099.281 2101.406 2233.437 2344.843 2495.156 
11.312 29.406 46.187 59.312 143.156 169.531 178.593 264.593 294.875 371.500 373.406 423.781 542.750 621.093 648.156 724.218 810.406 907.343 909.750 1066.718 1112.625 1242.687 1497.500 1501.281 1626.687 1702.718 1789.968 1888.531 1958.343 1978.312 2042.468 2051.468 2098.687 2103.000 2345.281 2495.343 2497.281 
10.750 30.531 48.531 52.906 62.281 128.375 167.187 170.468 268.281 286.437 297.781 371.562 421.437 620.906 623.125 649.500 724.750 907.906 1066.406 1111.187 1243.968 1352.437 1501.093 1627.125 1702.750 1790.156 1816.062 1888.812 1958.250 2052.406 2099.968 2233.312 2344.625 2495.531 2497.875 
11.687 126.781 170.500 268.968 299.125 372.906 543.531 620.031 724.312 907.937 1067.187 1243.718 1352.718 1500.906 1702.843 1958.187 2051.437 2098.781 2100.625 2233.375 2345.218 2495.468 3008.781 
11.343 22.250 31.218 98.250 142.531 170.000 266.093 372.718 423.593 517.125 622.125 649.250 724.906 909.062 954.250 974.000 1065.281 1068.187 1112.906 1243.718 1352.312 1500.812 1627.625 1703.562 1889.218 2051.593 2099.187 2233.281 2345.000 2495.468 
11.156 23.062 32.406 140.000 153.312 169.062 297.656 373.406 621.187 649.406 724.500 862.750 907.687 981.187 1065.687 1111.187 1244.125 1353.000 1501.218 1604.718 1628.000 1703.312 1790.781 1842.968 1887.468 1958.312 2051.937 2099.406 2101.187 2235.187 2345.062 2495.562 
11.812 61.687 127.625 142.093 210.218 297.875 372.718 621.531 649.781 724.093 907.656 1066.093 1111.375 1244.062 1500.937 1628.093 1703.437 1842.812 1888.406 2051.906 2099.875 2233.875 2345.531 2495.625 
11.875 22.125 47.250 129.031 142.625 170.500 271.531 297.468 372.000 423.593 516.750 621.906 649.625 723.875 809.781 908.062 909.562 1066.687 1112.625 1243.875 1352.593 1501.187 1627.406 1703.312 1790.375 1888.718 1959.093 2051.593 2097.937 2233.531 2495.687 
11.187 21.625 31.406 46.531 112.000 127.187 165.437 171.218 254.406 373.218 516.687 621.968 649.687 724.625 810.593 908.062 1067.093 1242.218 1352.312 1501.250 1628.031 1703.562 1790.593 1843.312 1888.468 1959.062 2051.312 2099.187 2233.500 2345.500 2495.500 
