16.750 39.531 56.437 69.062 70.625 105.218 202.531 204.250 469.843 471.531 623.906 707.562 946.656 1145.187 1171.875 1347.906 1349.312 1370.343 1578.250 1622.656 1659.375 1744.593 1823.750 1881.468 2127.937 2347.125 2379.656 2397.625 2405.500 
38.500 56.000 68.937 70.437 105.875 119.031 157.187 203.281 204.718 469.281 471.250 472.750 644.781 706.562 809.906 1058.343 1181.218 1347.718 1370.031 1578.593 1622.937 1745.281 1791.562 1821.875 1881.656 2285.375 2347.718 
41.343 67.875 69.375 71.250 90.906 105.812 203.781 469.781 471.437 540.437 624.250 645.500 706.750 1111.062 1172.218 1347.093 1349.218 1370.156 1623.093 1744.968 1823.000 1882.000 1983.937 2286.406 2336.656 2362.968 
38.187 56.312 67.843 69.562 203.187 205.531 469.656 471.250 624.031 707.125 1172.906 1347.875 1371.500 1578.531 1639.968 1798.750 1823.406 1881.187 2128.531 2347.906 2405.343 
28.281 56.218 68.062 72.125 106.687 203.718 469.968 471.281 623.781 706.843 809.750 1111.062 1126.125 1171.968 1216.750 1348.468 1350.031 1371.812 1578.218 1622.656 1639.250 1659.375 1881.500 2128.812 2286.093 2347.468 2350.156 2379.750 2398.343 
18.250 39.281 56.468 68.406 70.062 71.687 203.750 468.718 470.968 623.375 707.437 946.937 1056.406 1088.187 1110.812 1163.531 1348.500 1370.625 1578.562 1639.968 1744.968 1823.593 1881.437 1977.187 2128.750 2311.218 2337.937 2405.625 2407.875 
17.875 40.343 56.843 67.281 68.687 71.875 105.781 204.218 469.531 471.218 538.593 623.968 706.812 801.781 941.406 1057.156 1076.750 1142.062 1181.531 1348.062 1351.156 1370.375 1577.031 1658.312 1744.281 1804.843 1881.656 2128.968 2286.937 2331.343 2379.843 2398.937 
56.531 69.031 70.531 204.218 206.500 470.281 624.031 646.062 708.375 801.906 941.062 1173.375 1348.093 1578.406 1881.687 2332.437 
16.125 56.406 68.562 70.093 204.156 470.062 471.656 540.375 623.937 707.968 801.781 811.375 947.093 1347.406 1370.343 1577.718 1640.031 1659.781 1823.500 1882.062 2332.156 
41.281 56.468 69.281 70.812 204.156 396.062 469.718 471.437 624.593 707.406 941.531 1347.843 1350.093 1370.875 1578.875 1745.718 1823.562 1882.375 2129.843 2348.031 2386.062 2425.125 
