12.500 38.781 40.437 41.875 53.781 107.968 168.937 176.062 299.000 312.312 437.531 595.437 740.000 824.593 1192.968 1264.000 1266.125 1358.937 1642.812 1645.343 1976.781 1983.875 2065.656 2094.500 2118.406 2174.031 2267.875 
12.500 27.812 38.750 58.093 107.125 155.000 174.937 194.968 312.250 432.406 593.781 740.000 826.093 1076.250 1192.625 1264.875 1269.312 1358.875 1643.500 1896.500 1982.875 1985.781 2078.906 2087.031 2099.687 2100.906 2173.875 2268.062 
12.812 26.843 28.843 40.468 42.531 54.781 63.281 82.531 107.218 171.000 176.000 277.375 304.625 311.031 433.812 465.906 594.656 646.656 739.718 824.375 982.218 1069.656 1076.625 1162.718 1185.375 1228.656 1265.125 1268.156 1359.281 1643.500 1645.937 1983.718 2035.218 2069.343 2094.718 2173.812 2267.531 
12.000 39.750 42.218 63.125 108.531 173.437 175.281 432.000 594.125 740.218 1077.375 1264.968 1266.812 1359.093 1644.218 1816.906 1982.750 2064.656 2093.750 2174.656 2268.343 
12.562 27.312 42.500 58.156 63.656 174.718 279.625 594.093 738.687 824.468 902.343 982.156 1070.468 1192.656 1264.843 1266.593 1358.937 1644.531 1982.718 2080.937 2093.500 2100.875 2173.750 2268.187 
11.968 41.062 42.656 62.937 171.531 175.125 176.218 311.875 435.937 617.687 739.843 824.875 1076.531 1191.312 1264.468 1359.156 1644.156 1646.125 1984.687 2094.093 2173.437 2268.000 
12.062 30.187 41.375 47.625 63.250 108.468 174.000 176.500 310.968 437.500 594.156 740.562 824.500 904.906 995.843 1077.875 1186.250 1264.562 1359.218 1646.187 1983.531 2065.375 2093.718 2100.718 2174.093 2269.187 
12.312 27.906 40.468 42.593 172.343 312.562 595.968 824.406 1077.593 1264.375 1359.593 1643.062 1645.906 1984.031 2099.656 2173.781 2268.687 
12.000 27.812 40.031 44.156 58.531 169.656 175.406 314.156 431.937 595.156 825.937 1078.250 1264.937 1359.312 1643.468 1647.843 1983.250 2100.718 2173.718 2268.750 
13.468 29.468 39.625 107.687 174.906 280.062 580.218 594.093 595.718 740.062 1192.906 1264.812 1643.406 1645.593 1983.406 1987.187 2035.218 2101.718 2173.968 2268.375 
